?2147467259	
?1967345152	
?1967345151	
?1967345150	
?1967345149	
?1967345148	
?1967345147	
?375012	
?375011	
?375010	
?375009	
?375008	
?375007	
?375005	
?375004	
?375003	
?375002	
?375001	
?375000	
?120000
?4850	
?4824	
?4820	
?4803	
?4407	
?4406	
?4404	
?4403	
?4402	
?4401	
?4400	
?2584	
?2580	
1	
2	
4	
5	
6	
7	
8	
9	
10	
11	
12	
13	
14	
15	
16	
17	
18	
19	
20	
21	
22	
23	
24	
25	
26	
27	
28
29	
30	
31	
32	
33	
34	
35	
36	
37	
38	
39	
40	
41	
42	
43	
44	
45	
46	
47	
48	
49	
50	
51
52	
67	
68	
69	
70	
71	
72	
73	
74	
75	
81	
82	
83	
84	
85	
87	
88	
89	
90	
91	
97	
98	
99	
100	
116	
117	
118	
122	
123	
124	
125	
1000	
1001	
1002	
1003	
1004	
1005	
1006	
1007	
1008	
1009	
1010	
1011	
1012	
1013	
1014	
1015	
1016	
1017	
1018	
1019	
1022	
1023	
1024	
1025	
1026	
1027	
1028	
1029	
1030	
1031	
1032	
1033	
1034	
1035	
1036	
1037	
1038
1039	
1040	
1041	
1042	
1043	
1044	
1045	
1051	
1052	
1054	
1055	
1056	
1057	
1058	
1059	
1060	
1061
1062	
1063	
1066	
1067	
1068	
1069	
1070	
1071	
1072	
1073	
1074	
1075	
1076	
1077	
1082	
1086	
1087	
1088	
1089	
1090	
1091	
1094	
1095	
1096	
1097	
1098	
1100	
1102	
1103	
1104	
1105	
1106	
1107	
1108	
1109	
1110	
1111	
1122	
1123	
1124	
1125	
1126	
1127	
1128	
1129	
1130	
1131	
1135	
1136	
1137	
1138	
1144	
1145	
1146	
1147	
1148	
1149	
1150	
1151	
1156	
1157	
1174	
1175	
1176	
1177	
1186	
1187	
1188	
1190	
1191	
1192	
1193	
1194	
1196	
1197	
1198	
1301	
1303	
1304	
1305	
1306	
1307	
1308	
1309	
1310	
1311	
1312	
1313	
1314	
1315	
1319	
1320	
1321	
1322	
1357	
1358	
1359	
1360	
1361	
1362	
1363	
1364	
1365	
1366	
1370	
1376	
1377	
1378	
1380	
1381	
1384	
1385	
1388	
1389	
1390	
1396	
1397	
1398	
1399	
1430	
1432	
1434	
1436	
1438	
1439
1440	
1443
1444
1445	
1447	
1449	
1450	
1451	
1452	
1453	
1454	
1455	
1468	
1469	
1470	
1483	
1484	
1485	
1488	
1489	
1490	
1491	
1492	
1493	
1497	
1498	
1499	
1500	
1502	
1503	
1504	
1517	
1523	
1524	
1526	
1529	
1532	
1533	
1534	
1535	
1544	
1545	
1546	
1548	
1550	
1553	
1554	
1556	
1557	
1558	
1564	
1571	
1573	
1574	
1579	
1580	
1581	
1584	
1586	
1587	
1588	
1590	
1595	
1596	
1597	
1599	
1603	
1604	
1611	
1616	
1617	
1619	
1620	
1621	
1622	
1623	
1624	
1627	
1628	
1629	
1630	
1632	
4800	
4801	
4802	
4803	
4804	
4805	
4806	
4810	
4811	
4820	
4821	
4822	
4823	
56000	
56001	
56002	
56003	
56004
56005	
56006	
66464